rock,sample mass,C,O,Na,Al,Si,K,Ca,Fe
ore,30.922,0.010348619106138025,0.3373973222948063,0.012838755578552487,0.015037837138606817,0.1668068042170623,0.018756872129875167,0.037675441433283746,0.40113834810167515
ore,40.003,0.033472489563282755,0.4042946778991575,0.0061995350348723844,0.007274454415918806,0.17906157038222134,0.006374521910856686,0.11591630627702922,0.24740644451666124
ore,35.222,0.008460621202657429,0.4141161773891318,0.003009482709670092,0.0035205269433876553,0.26775878712168527,0.005110442337175628,0.02827778093237181,0.26974618136392026
ore,36.659,0.003955372486974549,0.4348727461196432,0.0,0.0,0.3073460814533948,0.0,0.013175482146266947,0.24065031779372048
ore,36.832,0.0022806255430060816,0.3380755864465682,0.0015747176368375326,0.00184622067767159,0.17006950477845353,0.0,0.010344265855777584,0.47580907906168546
ore,36.473,0.005922189016532778,0.42135278150960986,0.0041400488032243025,0.004852904888547693,0.2893921530995531,0.0023853261316590353,0.02453869986017054,0.24741589669070269
ore,34.39,0.044867694097121255,0.38421052631578945,0.010497237569060774,0.012329165455074148,0.12102355335853446,0.0077348066298342545,0.16010468159348648,0.25923233498109916
ore,37.794,0.003863047044504419,0.44062549611049373,0.0,0.0,0.31626713234905013,0.0,0.01291210245012436,0.2263322220458274
ore,39.621,0.001993892127911966,0.3799752656419575,0.0014133918881401276,0.001665783296736579,0.2338406400646122,0.002397718381666288,0.006637894046086671,0.3720754145528886
ore,39.071,0.05060018939878683,0.3484937677561363,0.005681963604719614,0.00668014640014333,0.03849402370044278,0.004888536254511019,0.17376058969568223,0.3714007831895779
ore,29.849,0.007939964487922543,0.3239974538510503,0.018761097524205166,0.022044289590941072,0.16697376796542598,0.03192736775101343,0.026433046333210492,0.401923012496231
ore,33.668,0.004633479862183676,0.3609956041344897,0.014494475466318166,0.016989426161340145,0.22460496613995487,0.0027919686349055484,0.03781038374717833,0.33767969585362956
ore,37.625,0.03130897009966777,0.3751229235880399,0.0014617940199335548,0.0017009966777408638,0.13190697674418606,0.0,0.10702990033222591,0.351468438538206
ore,37.465,0.008381155745362337,0.3559322033898305,0.005872147337515014,0.006913118910983584,0.18646736954490856,0.005044708394501534,0.03299079140531162,0.39839850527158677
ore,34.22,0.04880187025131502,0.3260958503798948,0.0016949152542372883,0.001987142022209235,0.002074810052600818,0.0,0.16578024547048512,0.45356516656925777
ore,38.087,0.05442802005933783,0.39115708772021945,0.00548743665817733,0.00645889673641925,0.09000446346522435,0.007036521647806338,0.18399978995457766,0.2614277837582377
ore,34.44,0.025116144018583045,0.31393728222996514,0.036527293844367016,0.04285714285714286,0.13429152148664344,0.012630662020905924,0.13452380952380955,0.30011614401858305
ore,27.527,0.0027245976677443963,0.25284266356668,0.05358375413230646,0.06288371417154066,0.15061575907291022,0.033022123733062084,0.06869618919606205,0.3756311984596941
ore,39.538,0.01236784865192979,0.4140573625373059,0.0061712782639486066,0.007233547473316809,0.26189994435732716,0.002124538418736406,0.049774900096110075,0.24637058020132532
ore,36.329,0.006633818712323488,0.33411324286382776,0.009248809491040216,0.010872856395716921,0.16639599218255388,0.0026700432161633958,0.03553634837182416,0.4345288887665501
ore,28.842,0.03262603148186672,0.36193745232646835,0.00807849663684904,0.009500034671659387,0.12197489771860481,0.006969003536509258,0.11580334234796477,0.3431107412800777
ore,24.135,0.014004557696291692,0.36544437538844,0.01313445204060493,0.015413300186451212,0.19801118707271595,0.011269939921276156,0.05808991091775429,0.32463227677646567
ore,24.596,0.03220035778175313,0.3675800943242804,0.021182306066026998,0.024841437632135307,0.15961945031712474,0.023337127988290778,0.12042608554236461,0.25081314034802404
ore,20.426,0.016449623029472244,0.24796827572701463,0.05262900225203172,0.06173504357191814,0.096347792029766,0.08621364927053755,0.05825908156271419,0.38039753255654557
ore,23.675,0.052967265047518475,0.3394297782470961,0.03239704329461457,0.03801478352692714,0.0739598732840549,0.01334741288278775,0.2195987328405491,0.23028511087645195
ore,23.216,0.03738800827015851,0.3281357684355617,0.0037043418332184694,0.004350447966919366,0.0461750516884907,0.0,0.13128876636802206,0.4489576154376292
ore,30.463,0.059219380888290714,0.4034074122706234,0.0,0.0,0.08141023536749499,0.0,0.19761678101303218,0.25834619046055873
ore,25.445,0.02644920416584791,0.371349970524661,0.0078207899390843,0.009196305757516211,0.15547258793476124,0.013322853212811948,0.08822951463941836,0.328158773825899
ore,26.697,0.012323482039180433,0.42233209723939025,0.0029216765928756043,0.0034086226916882046,0.2675581526014159,0.004944375772558715,0.041128216653556586,0.24538337640933439
ore,25.612,0.046228330470092144,0.3039200374824301,0.029751678900515385,0.03490551304076214,0.03631110416992035,0.04064501015149149,0.16445416211151023,0.3437841636732782
ore,24.315,0.010076084721365411,0.36146411680032897,0.0,0.0,0.17676331482623894,0.0,0.03364178490643635,0.4180546987456302
ore,25.729,0.05029344319639318,0.36379183023047923,0.003187065179369583,0.003731198258774146,0.0572894399315947,0.0,0.1733063857903533,0.3484006374130359
ore,27.747,0.0,0.4313619490395358,0.0,0.0,0.31477276822719574,0.0,0.0,0.25386528273326847
ore,29.608,0.026276681977843826,0.40708592272358823,0.004964874358281545,0.005843015401242907,0.20386382058902996,0.008477438530126993,0.08764523101864362,0.25584301540124293
ore,23.796,0.028618255168935958,0.33182047402924864,0.033661119515885025,0.03950243738443436,0.14397377710539588,0.0,0.15414355353840983,0.2682803832576904
ore,23.639,0.007741444223528914,0.35174922797072633,0.0018190278776597994,0.0021574516688523202,0.173484495960066,0.003130420068530818,0.025889420026227843,0.43402851220440797
ore,28.726,0.031226066977650912,0.42069901831093787,0.0025760634964840214,0.0030286151918122953,0.2034045812156235,0.002227946807769965,0.1063844600710158,0.23045324792870572
ore,25.711,0.013185018085644278,0.3024386449379643,0.02804247209365641,0.03290420442612112,0.13710085177550466,0.03986620512621057,0.052039982886702196,0.3944226206681965
ore,28.915,0.0,0.35044094760504924,0.0014871174131073836,0.0017292062943109114,0.1958153207677676,0.0025246411896939305,0.0,0.44800276673007094
ore,23.571,0.012642654108862584,0.3444486869458232,0.0053879767510924435,0.006321327054431292,0.1542997751474269,0.009163802978235967,0.0421704637054007,0.4255653133087268
ore,43.9,0.02649202733485194,0.35924829157175403,0.007152619589977221,0.008382687927107061,0.13569476082004556,0.004920273348519362,0.0957630979498861,0.36234624145785876
ore,39.429,0.041898095310558214,0.36318445813994776,0.02376423444672703,0.027872885439651017,0.12693702604681834,0.03543077430317786,0.14489335260848613,0.2360191737046336
ore,40.743,0.007265051665316741,0.257197555408291,0.02051886213582701,0.024077755688093658,0.07215963478388925,0.02631126819330928,0.033011805708956135,0.5594580664163169
ore,34.822,0.02814312790764459,0.3207167882373212,0.025041640342312328,0.02940669691574292,0.11030383091149273,0.012377232783872264,0.12489230945953707,0.3491183734420768
ore,37.258,0.004348059477159267,0.3675452251865371,0.02729615116216651,0.032046808739062745,0.2626281603950829,0.002630307584948199,0.05945031939449245,0.24405496806055074
ore,39.19,0.0,0.3704516458280174,0.0016585863740750193,0.001964786935442715,0.2264353151314111,0.0,0.0029089053329931108,0.3965807603980607
ore,44.213,0.010472033112432996,0.34444620360527445,0.005925858910275259,0.006943659104788184,0.16239567548006242,0.007599574785696515,0.03752290050437654,0.4246940944970936
ore,48.259,0.0034812159389958353,0.42845894030129095,0.0,0.0,0.2991151909488386,0.0,0.011645496176878925,0.2572991566339957
ore,46.198,0.044525737044893716,0.3441490973635222,0.0,0.0,0.03941729079180917,0.0,0.14859950647214165,0.42330836832763324
ore,44.533,0.061213033031684363,0.39653739923203013,0.0026946309478364356,0.0031661913637078118,0.07032986773853098,0.0023128915635596075,0.20656591740956143,0.2571800687130891
ore,38.493,0.017899358324890237,0.35957187021016807,0.018782635803912397,0.022029979476787986,0.18863169926999712,0.008105369807497466,0.08417114800093524,0.30080793910581144
ore,44.682,0.0,0.32335168524237945,0.003066111633319905,0.003603240678573027,0.15838592721901437,0.0,0.005348910075645673,0.5062441251510675
ore,46.404,0.0018748383760020684,0.4006335660718903,0.0013360917162313593,0.0015731402465304714,0.26517110593914317,0.0022627359710369792,0.006271011119731057,0.32087751055943453
ore,42.192,0.009764884338263178,0.36146662874478575,0.022136897990140313,0.02597648843382632,0.22473454683352292,0.033015737580583994,0.03730565036025787,0.28559916571861965
ore,43.974,0.0,0.34727338882066683,0.0,0.0,0.1879292309091736,0.0,0.0,0.46479738027015965
ore,40.123,0.031852054931086914,0.32340552800139577,0.014455549186252274,0.016947885252847496,0.07970490740971513,0.016499264760860357,0.11459761234204821,0.40253719811579397
ore,46.582,0.06459576660512643,0.38811128762182817,0.007363359237473703,0.008629942896397751,0.05658838177836933,0.0063329182946202395,0.22188828302777897,0.2464900605384054
ore,39.284,0.011913247123510846,0.2772375521840953,0.023521026372059873,0.02759393137155076,0.09370227064453722,0.025913858059260768,0.05419509214947561,0.4859230220955096
ore,36.569,0.0,0.3457573354480571,0.0053597309196313815,0.006289480160791928,0.1970794935601192,0.0,0.009352183543438431,0.4361617763679619
ore,39.997,0.04712853464009801,0.36800260019501463,0.003150236267720079,0.003700277520814061,0.0737805335400155,0.002700202515188639,0.1599369952746456,0.3416006200465035
